Start: 1580972860459.9678
End: 1580972869070.754
Transaction number: 9600
Average block size:  960.0
Duration: 8610.7861328125
Throughput: 1114.8807846263855

Start: 1580972988106.3572
End: 1580972994530.1875
Transaction number: 9600
Average block size:  1200.0
Duration: 6423.830322265625
Throughput: 1494.4354876132795

Start: 1580973136455.7017
End: 1580973145733.4395
Transaction number: 9600
Average block size:  872.7272727272727
Duration: 9277.73779296875
Throughput: 1034.734998360859

Start: 1580973247849.6611
End: 1580973255239.7048
Transaction number: 9600
Average block size:  1066.6666666666667
Duration: 7390.043701171875
Throughput: 1299.0450920442706

