Start: 1580975298838.3572
End: 1580975301263.9333
Transaction number: 9600
Average block size:  4800.0
Duration: 2425.576171875
Throughput: 3957.82252122764

Start: 1580975404952.9375
End: 1580975407384.3333
Transaction number: 9600
Average block size:  4800.0
Duration: 2431.395751953125
Throughput: 3948.3494171149964

Start: 1580975491873.8
End: 1580975494292.75
Transaction number: 9600
Average block size:  4800.0
Duration: 2418.949951171875
Throughput: 3968.664169901168

