Start: 1580922769759.9404
End: 1580922779864.028
Transaction number: 9600
Average block size:  2400.0
Duration: 10104.087646484375
Throughput: 950.1105231742752

Start: 1580924046466.3452
End: 1580924056573.8572
Transaction number: 9600
Average block size:  2400.0
Duration: 10107.511962890625
Throughput: 949.788635941868

