Start: 1580925545751.6785
End: 1580925550213.5386
Transaction number: 9600
Average block size:  4800.0
Duration: 4461.860107421875
Throughput: 2151.569024773171

Start: 1580925698831.4
End: 1580925705922.3215
Transaction number: 9600
Average block size:  3200.0
Duration: 7090.921630859375
Throughput: 1353.843759635028

Start: 1580925789569.0
End: 1580925794027.2
Transaction number: 9600
Average block size:  4800.0
Duration: 4458.199951171875
Throughput: 2153.3354504381437

