Start: 1580929322774.4285
End: 1580929324584.5715
Transaction number: 9600
Average block size:  1371.4285714285713
Duration: 1810.14306640625
Throughput: 5303.448207029993

Start: 1580929411038.3635
End: 1580929412842.5334
Transaction number: 9600
Average block size:  1200.0
Duration: 1804.169921875
Throughput: 5321.006565735845

Start: 1580929479727.7856
End: 1580929481498.8667
Transaction number: 9600
Average block size:  1066.6666666666667
Duration: 1771.0810546875
Throughput: 5420.418209879096

