Start: 1580970850562.75
End: 1580970852431.9333
Transaction number: 9600
Average block size:  2400.0
Duration: 1869.183349609375
Throughput: 5135.932760157651


Start: 1580971118988.5386
End: 1580971120845.0
Transaction number: 9600
Average block size:  3200.0
Duration: 1856.46142578125
Throughput: 5171.128183264059

Start: 1580971235933.9167
End: 1580971237809.5715
Transaction number: 9600
Average block size:  2400.0
Duration: 1875.65478515625
Throughput: 5118.212624185147

