Start: 1580969071975.1562
End: 1580969075373.2693
Transaction number: 9600
Average block size:  872.7272727272727
Duration: 3398.113037109375
Throughput: 2825.097309937134

Start: 1580969196271.875
End: 1580969199375.0576
Transaction number: 9600
Average block size:  872.7272727272727
Duration: 3103.1826171875
Throughput: 3093.5981488259126

Start: 1580969414375.6667
End: 1580969416812.46
Transaction number: 9600
Average block size:  1200.0
Duration: 2436.793212890625
Throughput: 3939.603881534159

Start: 1580969594596.389
End: 1580969597058.0393
Transaction number: 9600
Average block size:  1200.0
Duration: 2461.650390625
Throughput: 3899.822670416903

