Start: 1580315672646.8147
End: 1580315722149.8462
Transaction number: 80000
Average block size:  1454.5454545454545
Duration: 49503.031494140625
Throughput: 1616.0626447588188

Start: 1580315938578.3635
End: 1580315993331.8572
Transaction number: 80000
Average block size:  1311.4754098360656
Duration: 54753.49365234375
Throughput: 1461.0939807413652

Start: 1580316159871.889
End: 1580316208678.652
Transaction number: 80000
Average block size:  1481.4814814814815
Duration: 48806.76318359375
Throughput: 1639.1170973389148

