Start: 1580316581162.6738
End: 1580316677193.9375
Transaction number: 96000
Average block size:  1432.8358208955224
Duration: 96031.263671875
Throughput: 999.6744427733262

Start: 1580316896321.2341
End: 1580316992675.5938
Transaction number: 96000
Average block size:  1573.7704918032787
Duration: 96354.35961914062
Throughput: 996.3223291552007

Start: 1580317180004.913
End: 1580317273555.2222
Transaction number: 96000
Average block size:  1391.304347826087
Duration: 93550.30908203125
Throughput: 1026.18581319513

