Start: 1580319227272.3247
End: 1580319355455.8594
Transaction number: 64000
Average block size:  1641.025641025641
Duration: 128183.53466796875
Throughput: 499.28409421520416

Start: 1580319550627.2703
End: 1580319674681.0312
Transaction number: 64000
Average block size:  1600.0
Duration: 124053.76098632812
Throughput: 515.9053582184695

Start: 1580319898202.4866
End: 1580320029984.9219
Transaction number: 64000
Average block size:  1729.7297297297298
Duration: 131782.43530273438
Throughput: 485.648939883205

