Start: 1580314957983.875
End: 1580314970721.6428
Transaction number: 24000
Average block size:  1600.0
Duration: 12737.767822265625
Throughput: 1884.160579379378

Start: 1580315225111.5
End: 1580315237970.0667
Transaction number: 24000
Average block size:  1846.1538461538462
Duration: 12858.566650390625
Throughput: 1866.4599758691545

Start: 1580315342141.4285
End: 1580315365030.6667
Transaction number: 40000
Average block size:  1538.4615384615386
Duration: 22889.23828125
Throughput: 1747.5461397405475

