Start: 1580325413809.1196
End: 1580325574035.441
Transaction number: 64000
Average block size:  3555.5555555555557
Duration: 160226.3212890625
Throughput: 399.43499598008196

Start: 1580325820278.4
End: 1580325941210.3828
Transaction number: 64000
Average block size:  3555.5555555555557
Duration: 120931.98291015625
Throughput: 529.2231092212172

Start: 1580326172531.66
End: 1580326297056.7969
Transaction number: 64000
Average block size:  3555.5555555555557
Duration: 124525.13696289062
Throughput: 513.9524561942258

