Start: 1580324069370.2183
End: 1580324178713.1904
Transaction number: 92500
Average block size:  3083.3333333333335
Duration: 109342.97216796875
Throughput: 845.962005293809

Start: 1580324323166.8572
End: 1580324432358.9246
Transaction number: 92500
Average block size:  3083.3333333333335
Duration: 109192.0673828125
Throughput: 847.1311352289687

Start: 1580324769374.8772
End: 1580324881068.2678
Transaction number: 96000
Average block size:  3310.344827586207
Duration: 111693.390625
Throughput: 859.4957988365751

