Start: 1580327376178.1667
End: 1580327441383.75
Transaction number: 80000
Average block size:  3921.0526315789475
Duration: 65205.583251953125
Throughput: 1142.5401980093243

Start: 1580328642835.0645
End: 1580328704159.04
Transaction number: 80000
Average block size:  4138.888888888889
Duration: 61323.9755859375
Throughput: 1214.8592665131116

Start: 1580328872138.516
End: 1580328940969.4644
Transaction number: 80000
Average block size:  3775.0
Duration: 68830.9482421875
Throughput: 1096.8903077485854

