Start: 1580370308351.739
End: 1580370331127.4375
Transaction number: 48000
Average block size:  564.7058823529412
Duration: 22775.698486328125
Throughput: 2107.509459207743

Start: 1580370477451.36
End: 1580370499794.5312
Transaction number: 48000
Average block size:  564.7058823529412
Duration: 22343.171142578125
Throughput: 2148.307404248858

Start: 1580370624594.4783
End: 1580370647277.2188
Transaction number: 48000
Average block size:  564.7058823529412
Duration: 22682.740478515625
Throughput: 2116.146417381272

