Start: 1580367064479.6833
End: 1580367182876.2422
Transaction number: 64000
Average block size:  703.2967032967033
Duration: 118396.55883789062
Throughput: 540.5562511967028

Start: 1580367626499.5
End: 1580367743844.2656
Transaction number: 64000
Average block size:  680.8510638297872
Duration: 117344.765625
Throughput: 545.4014046482953

Start: 1580367998008.1924
End: 1580368115225.7031
Transaction number: 64000
Average block size:  744.1860465116279
Duration: 117217.5107421875
Throughput: 545.9935089456383

