Start: 1580368685461.7778
End: 1580368778383.625
Transaction number: 96000
Average block size:  571.4285714285714
Duration: 92921.84716796875
Throughput: 1033.1262552978212

Start: 1580368988550.15
End: 1580369081989.9844
Transaction number: 96000
Average block size:  588.9570552147239
Duration: 93439.83447265625
Throughput: 1027.3990802936721

Start: 1580369611977.158
End: 1580369704737.5557
Transaction number: 96000
Average block size:  578.3132530120482
Duration: 92760.39770507812
Throughput: 1034.9244114414198

