Start: 1580299352185.0386
End: 1580299439636.9062
Transaction number: 160000
Average block size:  780.4878048780488
Duration: 87451.86767578125
Throughput: 1829.5778495341397

Start: 1580299623894.5833
End: 1580299711301.5715
Transaction number: 154500
Average block size:  788.265306122449
Duration: 87406.98828125
Throughput: 1767.5932215266862

Start: 1580299881625.7083
End: 1580299972678.9375
Transaction number: 160000
Average block size:  816.3265306122449
Duration: 91053.22924804688
Throughput: 1757.2138991811985

