Start: 1580301696253.2683
End: 1580301861423.5625
Transaction number: 160000
Average block size:  816.3265306122449
Duration: 165170.29418945312
Throughput: 968.6971908912221

Start: 1580302269574.8684
End: 1580302435722.3906
Transaction number: 160000
Average block size:  820.5128205128206
Duration: 166147.52221679688
Throughput: 962.9996154334742

Start: 1580304179924.634
End: 1580304361605.2969
Transaction number: 160000
Average block size:  824.7422680412371
Duration: 181680.66284179688
Throughput: 880.666095650059

