Start: 1580295069462.8462
End: 1580295113722.5625
Transaction number: 80000
Average block size:  776.6990291262136
Duration: 44259.71630859375
Throughput: 1807.5127152242205

Start: 1580295223511.923
End: 1580295268919.0
Transaction number: 80000
Average block size:  776.6990291262136
Duration: 45407.076904296875
Throughput: 1761.8399036919639

Start: 1580295414395.1333
End: 1580295451398.8125
Transaction number: 80000
Average block size:  800.0
Duration: 37003.67919921875
Throughput: 2161.947182854429

