Start: 1580331688452.1755
End: 1580331802112.9219
Transaction number: 64000
Average block size:  1053.5714285714287
Duration: 113660.74633789062
Throughput: 519.0886203105232

Start: 1580334687278.592
End: 1580334780442.7344
Transaction number: 64000
Average block size:  1307.6923076923076
Duration: 93164.14233398438
Throughput: 547.4209145528326

Start: 1580335016801.5857
End: 1580335116581.7188
Transaction number: 64000
Average block size:  1280.4878048780488
Duration: 99780.13305664062
Throughput: 526.1568449723168

